[[[ 92 102 191]
  [ 91 101 190]
  [ 90 100 189]
  ...
  [ 71  82 148]
  [ 29  40 102]
  [203 215 255]]

 [[ 91 101 190]
  [ 91 101 190]
  [ 90 100 189]
  ...
  [ 71  82 148]
  [ 29  40 102]
  [203 215 255]]

 [[ 90 100 189]
  [ 90 100 189]
  [ 90 100 189]
  ...
  [ 71  82 148]
  [ 29  40 102]
  [203 215 255]]

 ...

 [[ 81  91 180]
  [ 81  91 180]
  [ 81  91 180]
  ...
  [ 74  85 151]
  [ 39  50 114]
  [202 213 255]]

 [[ 83  93 182]
  [ 83  93 182]
  [ 83  93 182]
  ...
  [ 74  85 151]
  [ 39  50 114]
  [202 213 255]]

 [[ 87  97 186]
  [ 87  97 186]
  [ 87  97 186]
  ...
  [ 74  85 151]
  [ 39  50 114]
  [202 213 255]]]