[[[ 89 100 183]
  [ 90 101 184]
  [ 89  99 184]
  ...
  [ 70  77 155]
  [ 32  42 111]
  [205 215 255]]

 [[ 91 102 185]
  [ 90 101 184]
  [ 91 101 186]
  ...
  [ 73  80 158]
  [ 32  42 111]
  [205 215 255]]

 [[ 93 100 188]
  [ 91  98 186]
  [ 88  98 183]
  ...
  [ 73  80 158]
  [ 33  43 112]
  [205 215 255]]

 ...

 [[ 84  95 184]
  [ 84  95 184]
  [ 83  94 183]
  ...
  [ 71  83 156]
  [ 37  50 117]
  [203 216 255]]

 [[ 76  88 175]
  [ 83  95 182]
  [ 83  94 183]
  ...
  [ 74  85 160]
  [ 36  49 116]
  [203 216 255]]

 [[ 88 100 187]
  [ 86  98 185]
  [ 87  98 187]
  ...
  [ 77  88 163]
  [ 34  47 114]
  [203 216 255]]]